h = [
0, 2
1, 154
2, 156
3, 156
4, 154
5, 156
6, 156
7, 154
8, 156
9, 156
10, 156
11, 154
12, 156
13, 156
14, 154
15, 156
16, 156
17, 156
18, 154
19, 156
20, 156
21, 154
22, 156
23, 156
24, 156
25, 154
26, 156
27, 156
28, 154
29, 156
30, 156
31, 156
32, 154
33, 156
34, 156
35, 154
36, 156
37, 156
38, 156
39, 154
40, 156
41, 156
42, 154
43, 156
44, 156
45, 156
46, 154
47, 156
48, 156
49, 154
50, 156
51, 156
52, 156
53, 154
54, 156
55, 156
56, 156
57, 154
58, 156
59, 156
60, 154
61, 156
62, 156
63, 156
64, 154
65, 156
66, 156
67, 154
68, 156
69, 156
70, 156
71, 154
72, 156
73, 156
74, 156
75, 154
76, 156
77, 156
78, 154
79, 156
80, 156
81, 156
82, 154
83, 156
84, 156
85, 156
86, 154
87, 156
88, 156
89, 154
90, 156
91, 156
92, 156
93, 154
94, 156
95, 156
96, 156
97, 154
98, 156
99, 156
100, 156
101, 154
102, 156
103, 156
104, 154
105, 156
106, 156
107, 156
108, 154
109, 156
110, 156
111, 156
112, 154
113, 156
114, 156
115, 156
116, 154
117, 156
118, 156
119, 156
120, 154
121, 156
122, 156
123, 156
124, 154
125, 156
126, 156
127, 156
128, 154
129, 156
130, 156
131, 156
132, 154
133, 156
134, 156
135, 156
136, 154
137, 156
138, 156
139, 156
140, 154
141, 156
142, 156
143, 156
144, 154
145, 156
146, 156
147, 156
148, 154
149, 156
150, 156
151, 156
152, 154
153, 156
154, 156
155, 156
156, 156
157, 154
158, 156
159, 156
160, 156
161, 154
162, 156
163, 156
164, 156
165, 156
166, 154
167, 156
168, 156
169, 156
170, 154
171, 156
172, 156
173, 156
174, 156
175, 154
176, 156
177, 156
178, 156
179, 154
180, 156
181, 156
182, 156
183, 156
184, 154
185, 156
186, 156
187, 156
188, 156
189, 154
190, 156
191, 156
192, 156
193, 156
194, 154
195, 156
196, 156
197, 156
198, 156
199, 154
200, 156
201, 156
202, 156
203, 156
204, 154
205, 156
206, 156
207, 156
208, 156
209, 154
210, 156
211, 156
212, 156
213, 156
214, 156
215, 154
216, 156
217, 156
218, 156
219, 156
220, 154
221, 156
222, 156
223, 156
224, 156
225, 156
226, 154
227, 156
228, 156
229, 156
230, 156
231, 156
232, 154
233, 156
234, 156
235, 156
236, 156
237, 156
238, 154
239, 156
240, 156
241, 156
242, 156
243, 156
244, 156
245, 154
246, 156
247, 156
248, 156
249, 156
250, 156
251, 156
252, 154
253, 156
254, 156
255, 156
256, 156
257, 156
258, 156
259, 154
260, 156
261, 156
262, 156
263, 156
264, 156
265, 156
266, 156
267, 154
268, 156
269, 156
270, 156
271, 156
272, 156
273, 156
274, 156
275, 154
276, 156
277, 156
278, 156
279, 156
280, 156
281, 156
282, 156
283, 156
284, 156
285, 154
286, 156
287, 156
288, 156
289, 156
290, 156
291, 156
292, 156
293, 156
294, 156
295, 154
296, 156
297, 156
298, 156
299, 156
300, 156
301, 156
302, 156
303, 156
304, 156
305, 156
306, 156
307, 156
308, 156
309, 154
310, 156
311, 156
312, 156
313, 156
314, 156
315, 156
316, 156
317, 156
318, 156
319, 156
320, 156
321, 156
322, 156
323, 156
324, 156
325, 156
326, 156
327, 154
328, 156
329, 156
330, 156
331, 156
332, 156
333, 156
334, 156
335, 156
336, 156
337, 156
338, 156
339, 156
340, 156
341, 156
342, 156
343, 156
344, 156
345, 156
346, 156
347, 156
348, 156
349, 156
350, 156
351, 156
352, 156
353, 156
354, 156
355, 156
356, 156
357, 156
358, 156
359, 156
360, 156
361, 156
362, 156
363, 156
364, 156
365, 156
366, 156
367, 156
368, 156
369, 156
370, 156
371, 156
372, 156
373, 156
374, 156
375, 156
376, 158
377, 156
378, 156
379, 156
380, 156
381, 156
382, 156
383, 156
384, 156
385, 156
386, 156
387, 156
388, 156
389, 156
390, 156
391, 156
392, 156
393, 156
394, 158
395, 156
396, 156
397, 156
398, 156
399, 156
400, 156
401, 156
402, 156
403, 156
404, 156
405, 156
406, 158
407, 156
408, 156
409, 156
410, 156
411, 156
412, 156
413, 156
414, 156
415, 158
416, 156
417, 156
418, 156
419, 156
420, 156
421, 156
422, 156
423, 158
424, 156
425, 156
426, 156
427, 156
428, 156
429, 156
430, 156
431, 158
432, 156
433, 156
434, 156
435, 156
436, 156
437, 158
438, 156
439, 156
440, 156
441, 156
442, 156
443, 158
444, 156
445, 156
446, 156
447, 156
448, 156
449, 158
450, 156
451, 156
452, 156
453, 156
454, 158
455, 156
456, 156
457, 156
458, 156
459, 158
460, 156
461, 156
462, 156
463, 156
464, 158
465, 156
466, 156
467, 156
468, 156
469, 158
470, 156
471, 156
472, 156
473, 158
474, 156
475, 156
476, 156
477, 158
478, 156
479, 156
480, 156
481, 158
482, 156
483, 156
484, 156
485, 158
486, 156
487, 156
488, 156
489, 158
490, 156
491, 156
492, 156
493, 158
494, 156
495, 156
496, 158
497, 156
498, 156
499, 158
500, 156
501, 156
502, 156
503, 158
504, 156
505, 156
506, 158
507, 156
508, 156
509, 158
510, 156
511, 156
512, 158
513, 156
514, 156
515, 158
516, 156
517, 156
518, 158
519, 156
520, 156
521, 158
522, 156
523, 156
524, 158
525, 156
526, 156
527, 158
528, 156
529, 156
530, 158
531, 156
532, 158
533, 156
534, 156
535, 158
536, 156
537, 156
538, 158
539, 156
540, 158
541, 156
542, 156
543, 158
544, 156
545, 158
546, 156
547, 158
548, 156
549, 156
550, 158
551, 156
552, 158
553, 156
554, 156
555, 158
556, 156
557, 158
558, 156
559, 158
560, 156
561, 158
562, 156
563, 156
564, 158
565, 156
566, 158
567, 156
568, 158
569, 156
570, 158
571, 156
572, 158
573, 156
574, 158
575, 156
576, 158
577, 156
578, 158
579, 156
580, 158
581, 156
582, 158
583, 156
584, 158
585, 156
586, 158
587, 156
588, 158
589, 156
590, 158
591, 156
592, 158
593, 156
594, 158
595, 158
596, 156
597, 158
598, 156
599, 158
600, 156
601, 158
602, 156
603, 158
604, 158
605, 156
606, 158
607, 156
608, 158
609, 156
610, 158
611, 158
612, 156
613, 158
614, 156
615, 158
616, 158
617, 156
618, 158
619, 156
620, 158
621, 158
622, 156
623, 158
624, 158
625, 156
626, 158
627, 156
628, 158
629, 158
630, 156
631, 158
632, 158
633, 156
634, 158
635, 158
636, 156
637, 158
638, 158
639, 156
640, 158
641, 158
642, 156
643, 158
644, 158
645, 156
646, 158
647, 158
648, 158
649, 156
650, 158
651, 158
652, 156
653, 158
654, 158
655, 158
656, 156
657, 158
658, 158
659, 156
660, 158
661, 158
662, 158
663, 156
664, 158
665, 158
666, 158
667, 156
668, 158
669, 158
670, 158
671, 158
672, 156
673, 158
674, 158
675, 158
676, 156
677, 158
678, 158
679, 158
680, 158
681, 156
682, 158
683, 158
684, 158
685, 158
686, 158
687, 156
688, 158
689, 158
690, 158
691, 158
692, 158
693, 156
694, 158
695, 158
696, 158
697, 158
698, 158
699, 158
700, 156
701, 158
702, 158
703, 158
704, 158
705, 158
706, 158
707, 158
708, 158
709, 156
710, 158
711, 158
712, 158
713, 158
714, 158
715, 158
716, 158
717, 158
718, 158
719, 158
720, 158
721, 158
722, 156
723, 158
724, 158
725, 158
726, 158
727, 158
728, 158
729, 158
730, 158
731, 158
732, 158
733, 158
734, 158
735, 158
736, 158
737, 158
738, 158
739, 158
740, 158
741, 158
742, 158
743, 158
744, 158
745, 158
746, 158
747, 158
748, 158
749, 158
750, 158
751, 158
752, 160
753, 158
754, 158
755, 158
756, 158
757, 158
758, 158
759, 158
760, 158
761, 158
762, 158
763, 158
764, 158
765, 160
766, 158
767, 158
768, 158
769, 158
770, 158
771, 158
772, 158
773, 160
774, 158
775, 158
776, 158
777, 158
778, 158
779, 158
780, 160
781, 158
782, 158
783, 158
784, 158
785, 158
786, 160
787, 158
788, 158
789, 158
790, 158
791, 160
792, 158
793, 158
794, 158
795, 158
796, 160
797, 158
798, 158
799, 158
800, 160
801, 158
802, 158
803, 158
804, 160
805, 158
806, 158
807, 158
808, 160
809, 158
810, 158
811, 158
812, 160
813, 158
814, 158
815, 160
816, 158
817, 158
818, 158
819, 160
820, 158
821, 158
822, 160
823, 158
824, 158
825, 160
826, 158
827, 158
828, 160
829, 158
830, 158
831, 160
832, 158
833, 160
834, 158
835, 158
836, 160
837, 158
838, 158
839, 160
840, 158
841, 160
842, 158
843, 160
844, 158
845, 158
846, 160
847, 158
848, 160
849, 158
850, 158
851, 160
852, 158
853, 160
854, 158
855, 160
856, 158
857, 160
858, 158
859, 160
860, 158
861, 160
862, 158
863, 160
864, 158
865, 160
866, 158
867, 160
868, 158
869, 160
870, 158
871, 160
872, 158
873, 160
874, 158
875, 160
876, 158
877, 160
878, 160
879, 158
880, 160
881, 158
882, 160
883, 158
884, 160
885, 160
886, 158
887, 160
888, 158
889, 160
890, 160
891, 158
892, 160
893, 158
894, 160
895, 160
896, 158
897, 160
898, 160
899, 158
