% Using number of cells = 100
% Using maximum iteration count = 1000000
% Serial Residual = 9.992007222e-16
T = [...
1.000000 0.000000 0.000000 0.000000 0.000000 0.000000 0.000000 0.000000 0.000000 0.000000 0.000000 0.000000 0.000000 0.000000 0.000000 0.000000 0.000000 0.000000 0.000000 0.000000 0.000000 0.000000 0.000000 0.000000 0.000000 0.000000 0.000000 0.000000 0.000000 0.000000 0.000000 0.000000 0.000000 0.000000 0.000000 0.000000 0.000000 0.000000 0.000000 0.000000 0.000000 0.000000 0.000000 0.000000 0.000000 0.000000 0.000000 0.000000 0.000000 0.000000 0.000000 0.000000 0.000000 0.000000 0.000000 0.000000 0.000000 0.000000 0.000000 0.000000 0.000000 0.000000 0.000000 0.000000 0.000000 0.000000 0.000000 0.000000 0.000000 0.000000 0.000000 0.000000 0.000000 0.000000 0.000000 0.000000 0.000000 0.000000 0.000000 0.000000 0.000000 0.000000 0.000000 0.000000 0.000000 0.000000 0.000000 0.000000 0.000000 0.000000 0.000000 0.000000 0.000000 0.000000 0.000000 0.000000 0.000000 0.000000 0.000000 0.000000 0.000000 1.000000 ;...
1.000000 0.500000 0.302347 0.209390 0.158497 0.127129 0.106036 0.090923 0.079576 0.070748 0.063686 0.057910 0.053099 0.049033 0.045551 0.042538 0.039906 0.037590 0.035536 0.033704 0.032062 0.030583 0.029245 0.028031 0.026926 0.025917 0.024995 0.024149 0.023374 0.022661 0.022006 0.021403 0.020849 0.020339 0.019872 0.019443 0.019050 0.018691 0.018365 0.018069 0.017802 0.017564 0.017351 0.017165 0.017004 0.016867 0.016754 0.016664 0.016596 0.016552 0.016529 0.016529 0.016552 0.016596 0.016664 0.016754 0.016867 0.017004 0.017165 0.017351 0.017564 0.017802 0.018069 0.018365 0.018691 0.019050 0.019443 0.019872 0.020339 0.020849 0.021403 0.022006 0.022661 0.023374 0.024149 0.024995 0.025917 0.026926 0.028031 0.029245 0.030583 0.032062 0.033704 0.035536 0.037590 0.039906 0.042538 0.045551 0.049033 0.053099 0.057910 0.063686 0.070748 0.079576 0.090923 0.106036 0.127129 0.158497 0.209390 0.302347 0.500000 1.000000 ;...
1.000000 0.697653 0.500000 0.376715 0.297469 0.243985 0.206091 0.178081 0.156633 0.139729 0.126085 0.114854 0.105455 0.097480 0.090633 0.084694 0.079498 0.074916 0.070850 0.067219 0.063961 0.061024 0.058366 0.055953 0.053755 0.051749 0.049912 0.048229 0.046684 0.045264 0.043959 0.042758 0.041653 0.040637 0.039705 0.038849 0.038065 0.037350 0.036699 0.036109 0.035577 0.035100 0.034677 0.034305 0.033984 0.033710 0.033484 0.033304 0.033170 0.033081 0.033036 0.033036 0.033081 0.033170 0.033304 0.033484 0.033710 0.033984 0.034305 0.034677 0.035100 0.035577 0.036109 0.036699 0.037350 0.038065 0.038849 0.039705 0.040637 0.041653 0.042758 0.043959 0.045264 0.046684 0.048229 0.049912 0.051749 0.053755 0.055953 0.058366 0.061024 0.063961 0.067219 0.070850 0.074916 0.079498 0.084694 0.090633 0.097480 0.105455 0.114854 0.126085 0.139729 0.156633 0.178081 0.206091 0.243985 0.297469 0.376715 0.500000 0.697653 1.000000 ;...
1.000000 0.790610 0.623285 0.500000 0.410680 0.345249 0.296262 0.258676 0.229148 0.205450 0.186072 0.169965 0.156387 0.144800 0.134807 0.126108 0.118475 0.111728 0.105727 0.100361 0.095539 0.091186 0.087244 0.083660 0.080394 0.077409 0.074677 0.072171 0.069869 0.067753 0.065807 0.064016 0.062368 0.060853 0.059460 0.058183 0.057013 0.055945 0.054972 0.054091 0.053296 0.052584 0.051951 0.051396 0.050915 0.050506 0.050168 0.049899 0.049699 0.049565 0.049499 0.049499 0.049565 0.049699 0.049899 0.050168 0.050506 0.050915 0.051396 0.051951 0.052584 0.053296 0.054091 0.054972 0.055945 0.057013 0.058183 0.059460 0.060853 0.062368 0.064016 0.065807 0.067753 0.069869 0.072171 0.074677 0.077409 0.080394 0.083660 0.087244 0.091186 0.095539 0.100361 0.105727 0.111728 0.118475 0.126108 0.134807 0.144800 0.156387 0.169965 0.186072 0.205450 0.229148 0.258676 0.296262 0.345249 0.410680 0.500000 0.623285 0.790610 1.000000 ;...
1.000000 0.841503 0.702531 0.589320 0.500000 0.430070 0.375033 0.331212 0.295832 0.266852 0.242787 0.222547 0.205327 0.190526 0.177687 0.166457 0.156565 0.147793 0.139971 0.132959 0.126646 0.120939 0.115761 0.111050 0.106750 0.102818 0.099215 0.095908 0.092869 0.090073 0.087500 0.085131 0.082951 0.080945 0.079101 0.077409 0.075859 0.074444 0.073155 0.071986 0.070932 0.069988 0.069149 0.068412 0.067774 0.067231 0.066783 0.066426 0.066160 0.065983 0.065895 0.065895 0.065983 0.066160 0.066426 0.066783 0.067231 0.067774 0.068412 0.069149 0.069988 0.070932 0.071986 0.073155 0.074444 0.075859 0.077409 0.079101 0.080945 0.082951 0.085131 0.087500 0.090073 0.092869 0.095908 0.099215 0.102818 0.106750 0.111050 0.115761 0.120939 0.126646 0.132959 0.139971 0.147793 0.156565 0.166457 0.177687 0.190526 0.205327 0.222547 0.242787 0.266852 0.295832 0.331212 0.375033 0.430070 0.500000 0.589320 0.702531 0.841503 1.000000 ;...
1.000000 0.872871 0.756015 0.654751 0.569930 0.500000 0.442585 0.395309 0.356115 0.323341 0.295676 0.272108 0.251850 0.234291 0.218956 0.205470 0.193534 0.182909 0.173403 0.164859 0.157148 0.150162 0.143813 0.138027 0.132740 0.127898 0.123457 0.119377 0.115624 0.112170 0.108988 0.106058 0.103359 0.100874 0.098590 0.096493 0.094572 0.092816 0.091217 0.089766 0.088458 0.087286 0.086244 0.085329 0.084537 0.083863 0.083306 0.082863 0.082532 0.082312 0.082202 0.082202 0.082312 0.082532 0.082863 0.083306 0.083863 0.084537 0.085329 0.086244 0.087286 0.088458 0.089766 0.091217 0.092816 0.094572 0.096493 0.098590 0.100874 0.103359 0.106058 0.108988 0.112170 0.115624 0.119377 0.123457 0.127898 0.132740 0.138027 0.143813 0.150162 0.157148 0.164859 0.173403 0.182909 0.193534 0.205470 0.218956 0.234291 0.251850 0.272108 0.295676 0.323341 0.356115 0.395309 0.442585 0.500000 0.569930 0.654751 0.756015 0.872871 1.000000 ;...
1.000000 0.893964 0.793909 0.703738 0.624967 0.557415 0.500000 0.451322 0.409980 0.374718 0.344470 0.318359 0.295672 0.275833 0.258378 0.242932 0.229191 0.216906 0.205874 0.195926 0.186923 0.178748 0.171303 0.164505 0.158283 0.152578 0.147338 0.142519 0.138082 0.133994 0.130226 0.126753 0.123552 0.120604 0.117892 0.115402 0.113119 0.111031 0.109130 0.107405 0.105848 0.104453 0.103214 0.102124 0.101180 0.100378 0.099715 0.099187 0.098793 0.098531 0.098400 0.098400 0.098531 0.098793 0.099187 0.099715 0.100378 0.101180 0.102124 0.103214 0.104453 0.105848 0.107405 0.109130 0.111031 0.113119 0.115402 0.117892 0.120604 0.123552 0.126753 0.130226 0.133994 0.138082 0.142519 0.147338 0.152578 0.158283 0.164505 0.171303 0.178748 0.186923 0.195926 0.205874 0.216906 0.229191 0.242932 0.258378 0.275833 0.295672 0.318359 0.344470 0.374718 0.409980 0.451322 0.500000 0.557415 0.624967 0.703738 0.793909 0.893964 1.000000 ;...
1.000000 0.909077 0.821919 0.741324 0.668788 0.604691 0.548678 0.500000 0.457765 0.421081 0.389128 0.361187 0.336646 0.314990 0.295790 0.278689 0.263392 0.249651 0.237260 0.226049 0.215871 0.206604 0.198145 0.190406 0.183310 0.176793 0.170799 0.165279 0.160191 0.155498 0.151169 0.147175 0.143492 0.140098 0.136974 0.134102 0.131469 0.129061 0.126866 0.124874 0.123077 0.121465 0.120033 0.118774 0.117683 0.116755 0.115988 0.115377 0.114922 0.114619 0.114468 0.114468 0.114619 0.114922 0.115377 0.115988 0.116755 0.117683 0.118774 0.120033 0.121465 0.123077 0.124874 0.126866 0.129061 0.131469 0.134102 0.136974 0.140098 0.143492 0.147175 0.151169 0.155498 0.160191 0.165279 0.170799 0.176793 0.183310 0.190406 0.198145 0.206604 0.215871 0.226049 0.237260 0.249651 0.263392 0.278689 0.295790 0.314990 0.336646 0.361187 0.389128 0.421081 0.457765 0.500000 0.548678 0.604691 0.668788 0.741324 0.821919 0.909077 1.000000 ;...
