% Using number of cells = 100
% Using maximum iteration count = 100
% Serial Residual = 2.421390771e-03
T = [...
1.000000 0.000000 0.000000 0.000000 0.000000 0.000000 0.000000 0.000000 0.000000 0.000000 0.000000 0.000000 0.000000 0.000000 0.000000 0.000000 0.000000 0.000000 0.000000 0.000000 0.000000 0.000000 0.000000 0.000000 0.000000 0.000000 0.000000 0.000000 0.000000 0.000000 0.000000 0.000000 0.000000 0.000000 0.000000 0.000000 0.000000 0.000000 0.000000 0.000000 0.000000 0.000000 0.000000 0.000000 0.000000 0.000000 0.000000 0.000000 0.000000 0.000000 0.000000 0.000000 0.000000 0.000000 0.000000 0.000000 0.000000 0.000000 0.000000 0.000000 0.000000 0.000000 0.000000 0.000000 0.000000 0.000000 0.000000 0.000000 0.000000 0.000000 0.000000 0.000000 0.000000 0.000000 0.000000 0.000000 0.000000 0.000000 0.000000 0.000000 0.000000 0.000000 0.000000 0.000000 0.000000 0.000000 0.000000 0.000000 0.000000 0.000000 0.000000 0.000000 0.000000 0.000000 0.000000 0.000000 0.000000 0.000000 0.000000 0.000000 0.000000 1.000000 ;...
1.000000 0.493728 0.289987 0.191295 0.135173 0.099197 0.074202 0.055932 0.042184 0.031678 0.023610 0.017421 0.012705 0.009144 0.006489 0.004536 0.003121 0.002112 0.001406 0.000919 0.000591 0.000373 0.000231 0.000140 0.000084 0.000049 0.000028 0.000016 0.000009 0.000005 0.000002 0.000001 0.000001 0.000000 0.000000 0.000000 0.000000 0.000000 0.000000 0.000000 0.000000 0.000000 0.000000 0.000000 0.000000 0.000000 0.000000 0.000000 0.000000 0.000000 0.000000 0.000000 0.000000 0.000000 0.000000 0.000000 0.000000 0.000000 0.000000 0.000000 0.000000 0.000000 0.000000 0.000000 0.000000 0.000000 0.000000 0.000000 0.000000 0.000001 0.000001 0.000002 0.000005 0.000009 0.000016 0.000028 0.000049 0.000084 0.000140 0.000231 0.000373 0.000591 0.000919 0.001406 0.002112 0.003121 0.004536 0.006489 0.009144 0.012705 0.017421 0.023610 0.031678 0.042184 0.055932 0.074202 0.099197 0.135173 0.191295 0.289987 0.493728 1.000000 ;...
1.000000 0.685170 0.475398 0.340701 0.251042 0.188385 0.142714 0.108417 0.082176 0.061926 0.046263 0.034201 0.024974 0.017995 0.012779 0.008939 0.006153 0.004167 0.002774 0.001815 0.001166 0.000736 0.000456 0.000277 0.000165 0.000097 0.000056 0.000031 0.000017 0.000009 0.000005 0.000003 0.000001 0.000001 0.000000 0.000000 0.000000 0.000000 0.000000 0.000000 0.000000 0.000000 0.000000 0.000000 0.000000 0.000000 0.000000 0.000000 0.000000 0.000000 0.000000 0.000000 0.000000 0.000000 0.000000 0.000000 0.000000 0.000000 0.000000 0.000000 0.000000 0.000000 0.000000 0.000000 0.000000 0.000000 0.000000 0.000000 0.000001 0.000001 0.000003 0.000005 0.000009 0.000017 0.000031 0.000056 0.000097 0.000165 0.000277 0.000456 0.000736 0.001166 0.001815 0.002774 0.004167 0.006153 0.008939 0.012779 0.017995 0.024974 0.034201 0.046263 0.061926 0.082176 0.108417 0.142714 0.188385 0.251042 0.340701 0.475398 0.685170 1.000000 ;...
1.000000 0.772036 0.586680 0.446407 0.341590 0.262494 0.201925 0.154956 0.118278 0.089565 0.067159 0.049777 0.036427 0.026287 0.018694 0.013087 0.009018 0.006109 0.004070 0.002664 0.001713 0.001081 0.000670 0.000407 0.000243 0.000142 0.000082 0.000046 0.000025 0.000014 0.000007 0.000004 0.000002 0.000001 0.000000 0.000000 0.000000 0.000000 0.000000 0.000000 0.000000 0.000000 0.000000 0.000000 0.000000 0.000000 0.000000 0.000000 0.000000 0.000000 0.000000 0.000000 0.000000 0.000000 0.000000 0.000000 0.000000 0.000000 0.000000 0.000000 0.000000 0.000000 0.000000 0.000000 0.000000 0.000000 0.000000 0.000000 0.000001 0.000002 0.000004 0.000007 0.000014 0.000025 0.000046 0.000082 0.000142 0.000243 0.000407 0.000670 0.001081 0.001713 0.002664 0.004070 0.006109 0.009018 0.013087 0.018694 0.026287 0.036427 0.049777 0.067159 0.089565 0.118278 0.154956 0.201925 0.262494 0.341590 0.446407 0.586680 0.772036 1.000000 ;...
1.000000 0.817014 0.654262 0.518651 0.408878 0.320916 0.250568 0.194348 0.149483 0.113848 0.085726 0.063753 0.046768 0.033821 0.024087 0.016888 0.011646 0.007899 0.005265 0.003448 0.002218 0.001401 0.000868 0.000528 0.000315 0.000185 0.000106 0.000060 0.000033 0.000018 0.000009 0.000005 0.000002 0.000001 0.000001 0.000000 0.000000 0.000000 0.000000 0.000000 0.000000 0.000000 0.000000 0.000000 0.000000 0.000000 0.000000 0.000000 0.000000 0.000000 0.000000 0.000000 0.000000 0.000000 0.000000 0.000000 0.000000 0.000000 0.000000 0.000000 0.000000 0.000000 0.000000 0.000000 0.000000 0.000000 0.000000 0.000001 0.000001 0.000002 0.000005 0.000009 0.000018 0.000033 0.000060 0.000106 0.000185 0.000315 0.000528 0.000868 0.001401 0.002218 0.003448 0.005265 0.007899 0.011646 0.016888 0.024087 0.033821 0.046768 0.063753 0.085726 0.113848 0.149483 0.194348 0.250568 0.320916 0.408878 0.518651 0.654262 0.817014 1.000000 ;...
1.000000 0.842688 0.696525 0.567635 0.457592 0.365395 0.289074 0.226443 0.175500 0.134431 0.101688 0.075883 0.055829 0.040459 0.028871 0.020268 0.013997 0.009501 0.006339 0.004154 0.002674 0.001689 0.001048 0.000638 0.000381 0.000223 0.000128 0.000072 0.000040 0.000021 0.000011 0.000006 0.000003 0.000001 0.000001 0.000000 0.000000 0.000000 0.000000 0.000000 0.000000 0.000000 0.000000 0.000000 0.000000 0.000000 0.000000 0.000000 0.000000 0.000000 0.000000 0.000000 0.000000 0.000000 0.000000 0.000000 0.000000 0.000000 0.000000 0.000000 0.000000 0.000000 0.000000 0.000000 0.000000 0.000000 0.000000 0.000001 0.000001 0.000003 0.000006 0.000011 0.000021 0.000040 0.000072 0.000128 0.000223 0.000381 0.000638 0.001048 0.001689 0.002674 0.004154 0.006339 0.009501 0.013997 0.020268 0.028871 0.040459 0.055829 0.075883 0.101688 0.134431 0.175500 0.226443 0.289074 0.365395 0.457592 0.567635 0.696525 0.842688 1.000000 ;...
1.000000 0.858353 0.723707 0.600931 0.492363 0.398498 0.318698 0.251831 0.196512 0.151360 0.114985 0.086114 0.063529 0.046151 0.032990 0.023200 0.016040 0.010902 0.007278 0.004774 0.003074 0.001944 0.001206 0.000734 0.000438 0.000257 0.000147 0.000083 0.000046 0.000025 0.000013 0.000007 0.000003 0.000002 0.000001 0.000000 0.000000 0.000000 0.000000 0.000000 0.000000 0.000000 0.000000 0.000000 0.000000 0.000000 0.000000 0.000000 0.000000 0.000000 0.000000 0.000000 0.000000 0.000000 0.000000 0.000000 0.000000 0.000000 0.000000 0.000000 0.000000 0.000000 0.000000 0.000000 0.000000 0.000000 0.000000 0.000001 0.000002 0.000003 0.000007 0.000013 0.000025 0.000046 0.000083 0.000147 0.000257 0.000438 0.000734 0.001206 0.001944 0.003074 0.004774 0.007278 0.010902 0.016040 0.023200 0.032990 0.046151 0.063529 0.086114 0.114985 0.151360 0.196512 0.251831 0.318698 0.398498 0.492363 0.600931 0.723707 0.858353 1.000000 ;...
1.000000 0.868329 0.741589 0.623660 0.516997 0.422719 0.341017 0.271403 0.213055 0.164892 0.125775 0.094496 0.069908 0.050893 0.036452 0.025671 0.017774 0.012091 0.008082 0.005304 0.003418 0.002162 0.001342 0.000817 0.000488 0.000286 0.000164 0.000092 0.000051 0.000028 0.000015 0.000008 0.000004 0.000002 0.000001 0.000000 0.000000 0.000000 0.000000 0.000000 0.000000 0.000000 0.000000 0.000000 0.000000 0.000000 0.000000 0.000000 0.000000 0.000000 0.000000 0.000000 0.000000 0.000000 0.000000 0.000000 0.000000 0.000000 0.000000 0.000000 0.000000 0.000000 0.000000 0.000000 0.000000 0.000000 0.000000 0.000001 0.000002 0.000004 0.000008 0.000015 0.000028 0.000051 0.000092 0.000164 0.000286 0.000488 0.000817 0.001342 0.002162 0.003418 0.005304 0.008082 0.012091 0.017774 0.025671 0.036452 0.050893 0.069908 0.094496 0.125775 0.164892 0.213055 0.271403 0.341017 0.422719 0.516997 0.623660 0.741589 0.868329 1.000000 ;...
