% Using number of cells = 100
% Using maximum iteration count = 10000
% Serial Residual = 3.105629894e-06
T = [...
1.000000 0.000000 0.000000 0.000000 0.000000 0.000000 0.000000 0.000000 0.000000 0.000000 0.000000 0.000000 0.000000 0.000000 0.000000 0.000000 0.000000 0.000000 0.000000 0.000000 0.000000 0.000000 0.000000 0.000000 0.000000 0.000000 0.000000 0.000000 0.000000 0.000000 0.000000 0.000000 0.000000 0.000000 0.000000 0.000000 0.000000 0.000000 0.000000 0.000000 0.000000 0.000000 0.000000 0.000000 0.000000 0.000000 0.000000 0.000000 0.000000 0.000000 0.000000 0.000000 0.000000 0.000000 0.000000 0.000000 0.000000 0.000000 0.000000 0.000000 0.000000 0.000000 0.000000 0.000000 0.000000 0.000000 0.000000 0.000000 0.000000 0.000000 0.000000 0.000000 0.000000 0.000000 0.000000 0.000000 0.000000 0.000000 0.000000 0.000000 0.000000 0.000000 0.000000 0.000000 0.000000 0.000000 0.000000 0.000000 0.000000 0.000000 0.000000 0.000000 0.000000 0.000000 0.000000 0.000000 0.000000 0.000000 0.000000 0.000000 0.000000 1.000000 ;...
1.000000 0.499994 0.302335 0.209371 0.158472 0.127098 0.105999 0.090880 0.079527 0.070693 0.063624 0.057843 0.053027 0.048954 0.045467 0.042448 0.039811 0.037489 0.035430 0.033593 0.031946 0.030461 0.029119 0.027900 0.026790 0.025777 0.024850 0.024001 0.023221 0.022504 0.021845 0.021239 0.020681 0.020169 0.019698 0.019266 0.018870 0.018509 0.018180 0.017882 0.017613 0.017373 0.017159 0.016971 0.016808 0.016670 0.016556 0.016465 0.016397 0.016352 0.016330 0.016330 0.016352 0.016397 0.016465 0.016556 0.016670 0.016808 0.016971 0.017159 0.017373 0.017613 0.017882 0.018180 0.018509 0.018870 0.019266 0.019698 0.020169 0.020681 0.021239 0.021845 0.022504 0.023221 0.024001 0.024850 0.025777 0.026790 0.027900 0.029119 0.030461 0.031946 0.033593 0.035430 0.037489 0.039811 0.042448 0.045467 0.048954 0.053027 0.057843 0.063624 0.070693 0.079527 0.090880 0.105999 0.127098 0.158472 0.209371 0.302335 0.499994 1.000000 ;...
1.000000 0.697640 0.499975 0.376678 0.297419 0.243923 0.206017 0.177995 0.156535 0.139619 0.125963 0.114720 0.105309 0.097323 0.090465 0.084515 0.079307 0.074715 0.070638 0.066997 0.063728 0.060782 0.058114 0.055692 0.053484 0.051469 0.049624 0.047932 0.046379 0.044951 0.043638 0.042430 0.041318 0.040296 0.039357 0.038495 0.037706 0.036986 0.036330 0.035735 0.035199 0.034719 0.034292 0.033917 0.033593 0.033317 0.033089 0.032908 0.032772 0.032682 0.032637 0.032637 0.032682 0.032772 0.032908 0.033089 0.033317 0.033593 0.033917 0.034292 0.034719 0.035199 0.035735 0.036330 0.036986 0.037706 0.038495 0.039357 0.040296 0.041318 0.042430 0.043638 0.044951 0.046379 0.047932 0.049624 0.051469 0.053484 0.055692 0.058114 0.060782 0.063728 0.066997 0.070638 0.074715 0.079307 0.084515 0.090465 0.097323 0.105309 0.114720 0.125963 0.139619 0.156535 0.177995 0.206017 0.243923 0.297419 0.376678 0.499975 0.697640 1.000000 ;...
1.000000 0.790592 0.623248 0.499944 0.410605 0.345156 0.296151 0.258547 0.229001 0.205285 0.185889 0.169764 0.156169 0.144565 0.134555 0.125839 0.118189 0.111426 0.105410 0.100028 0.095190 0.090823 0.086865 0.083268 0.079988 0.076990 0.074244 0.071725 0.069412 0.067284 0.065326 0.063524 0.061866 0.060341 0.058939 0.057653 0.056475 0.055399 0.054419 0.053530 0.052729 0.052012 0.051374 0.050814 0.050329 0.049917 0.049576 0.049305 0.049102 0.048968 0.048901 0.048901 0.048968 0.049102 0.049305 0.049576 0.049917 0.050329 0.050814 0.051374 0.052012 0.052729 0.053530 0.054419 0.055399 0.056475 0.057653 0.058939 0.060341 0.061866 0.063524 0.065326 0.067284 0.069412 0.071725 0.074244 0.076990 0.079988 0.083268 0.086865 0.090823 0.095190 0.100028 0.105410 0.111426 0.118189 0.125839 0.134555 0.144565 0.156169 0.169764 0.185889 0.205285 0.229001 0.258547 0.296151 0.345156 0.410605 0.499944 0.623248 0.790592 1.000000 ;...
1.000000 0.841478 0.702482 0.589246 0.499901 0.429947 0.374885 0.331040 0.295636 0.266632 0.242543 0.222279 0.205037 0.190213 0.177351 0.166099 0.156184 0.147391 0.139548 0.132515 0.126182 0.120455 0.115258 0.110527 0.106209 0.102259 0.098639 0.095315 0.092259 0.089448 0.086860 0.084476 0.082282 0.080263 0.078407 0.076703 0.075143 0.073716 0.072417 0.071240 0.070177 0.069225 0.068380 0.067637 0.066993 0.066447 0.065994 0.065634 0.065366 0.065187 0.065098 0.065098 0.065187 0.065366 0.065634 0.065994 0.066447 0.066993 0.067637 0.068380 0.069225 0.070177 0.071240 0.072417 0.073716 0.075143 0.076703 0.078407 0.080263 0.082282 0.084476 0.086860 0.089448 0.092259 0.095315 0.098639 0.102259 0.106209 0.110527 0.115258 0.120455 0.126182 0.132515 0.139548 0.147391 0.156184 0.166099 0.177351 0.190213 0.205037 0.222279 0.242543 0.266632 0.295636 0.331040 0.374885 0.429947 0.499901 0.589246 0.702482 0.841478 1.000000 ;...
1.000000 0.872840 0.755954 0.654658 0.569806 0.499846 0.442401 0.395094 0.355871 0.323066 0.295372 0.271774 0.251487 0.233900 0.218537 0.205023 0.193059 0.182407 0.172875 0.164305 0.156568 0.149558 0.143185 0.137375 0.132064 0.127201 0.122738 0.118637 0.114864 0.111390 0.108189 0.105241 0.102525 0.100024 0.097724 0.095612 0.093677 0.091908 0.090297 0.088835 0.087516 0.086335 0.085285 0.084362 0.083563 0.082883 0.082321 0.081874 0.081541 0.081319 0.081208 0.081208 0.081319 0.081541 0.081874 0.082321 0.082883 0.083563 0.084362 0.085285 0.086335 0.087516 0.088835 0.090297 0.091908 0.093677 0.095612 0.097724 0.100024 0.102525 0.105241 0.108189 0.111390 0.114864 0.118637 0.122738 0.127201 0.132064 0.137375 0.143185 0.149558 0.156568 0.164305 0.172875 0.182407 0.193059 0.205023 0.218537 0.233900 0.251487 0.271774 0.295372 0.323066 0.355871 0.395094 0.442401 0.499846 0.569806 0.654658 0.755954 0.872840 1.000000 ;...
1.000000 0.893927 0.793835 0.703627 0.624820 0.557230 0.499779 0.451065 0.409687 0.374389 0.344106 0.317960 0.295238 0.275364 0.257875 0.242396 0.228622 0.216305 0.205241 0.195263 0.186229 0.178024 0.170550 0.163724 0.157474 0.151743 0.146477 0.141632 0.137171 0.133060 0.129269 0.125774 0.122553 0.119585 0.116855 0.114346 0.112047 0.109944 0.108028 0.106289 0.104720 0.103314 0.102064 0.100966 0.100014 0.099205 0.098535 0.098003 0.097606 0.097341 0.097210 0.097210 0.097341 0.097606 0.098003 0.098535 0.099205 0.100014 0.100966 0.102064 0.103314 0.104720 0.106289 0.108028 0.109944 0.112047 0.114346 0.116855 0.119585 0.122553 0.125774 0.129269 0.133060 0.137171 0.141632 0.146477 0.151743 0.157474 0.163724 0.170550 0.178024 0.186229 0.195263 0.205241 0.216305 0.228622 0.242396 0.257875 0.275364 0.295238 0.317960 0.344106 0.374389 0.409687 0.451065 0.499779 0.557230 0.624820 0.703627 0.793835 0.893927 1.000000 ;...
1.000000 0.909034 0.821833 0.741195 0.668616 0.604476 0.548420 0.499700 0.457424 0.420698 0.388703 0.360722 0.336140 0.314444 0.295205 0.278066 0.262730 0.248951 0.236524 0.225276 0.215063 0.205762 0.197269 0.189496 0.182369 0.175820 0.169796 0.164246 0.159130 0.154410 0.150055 0.146036 0.142329 0.138912 0.135766 0.132874 0.130221 0.127795 0.125583 0.123576 0.121763 0.120139 0.118694 0.117425 0.116324 0.115389 0.114615 0.113999 0.113539 0.113234 0.113081 0.113081 0.113234 0.113539 0.113999 0.114615 0.115389 0.116324 0.117425 0.118694 0.120139 0.121763 0.123576 0.125583 0.127795 0.130221 0.132874 0.135766 0.138912 0.142329 0.146036 0.150055 0.154410 0.159130 0.164246 0.169796 0.175820 0.182369 0.189496 0.197269 0.205762 0.215063 0.225276 0.236524 0.248951 0.262730 0.278066 0.295205 0.314444 0.336140 0.360722 0.388703 0.420698 0.457424 0.499700 0.548420 0.604476 0.668616 0.741195 0.821833 0.909034 1.000000 ;...
