% Using number of cells = 100
% Using maximum iteration count = 1000
% Serial Residual = 2.332219411e-04
T = [...
1.000000 0.000000 0.000000 0.000000 0.000000 0.000000 0.000000 0.000000 0.000000 0.000000 0.000000 0.000000 0.000000 0.000000 0.000000 0.000000 0.000000 0.000000 0.000000 0.000000 0.000000 0.000000 0.000000 0.000000 0.000000 0.000000 0.000000 0.000000 0.000000 0.000000 0.000000 0.000000 0.000000 0.000000 0.000000 0.000000 0.000000 0.000000 0.000000 0.000000 0.000000 0.000000 0.000000 0.000000 0.000000 0.000000 0.000000 0.000000 0.000000 0.000000 0.000000 0.000000 0.000000 0.000000 0.000000 0.000000 0.000000 0.000000 0.000000 0.000000 0.000000 0.000000 0.000000 0.000000 0.000000 0.000000 0.000000 0.000000 0.000000 0.000000 0.000000 0.000000 0.000000 0.000000 0.000000 0.000000 0.000000 0.000000 0.000000 0.000000 0.000000 0.000000 0.000000 0.000000 0.000000 0.000000 0.000000 0.000000 0.000000 0.000000 0.000000 0.000000 0.000000 0.000000 0.000000 0.000000 0.000000 0.000000 0.000000 0.000000 0.000000 1.000000 ;...
1.000000 0.499364 0.301078 0.207490 0.155972 0.123986 0.102282 0.086570 0.074634 0.065230 0.057606 0.051284 0.045944 0.041365 0.037389 0.033901 0.030815 0.028063 0.025595 0.023370 0.021356 0.019526 0.017858 0.016335 0.014941 0.013664 0.012492 0.011417 0.010430 0.009524 0.008692 0.007929 0.007230 0.006590 0.006006 0.005472 0.004987 0.004547 0.004149 0.003791 0.003470 0.003185 0.002933 0.002713 0.002524 0.002365 0.002233 0.002129 0.002051 0.002000 0.001974 0.001974 0.002000 0.002051 0.002129 0.002233 0.002365 0.002524 0.002713 0.002933 0.003185 0.003470 0.003791 0.004149 0.004547 0.004987 0.005472 0.006006 0.006590 0.007230 0.007929 0.008692 0.009524 0.010430 0.011417 0.012492 0.013664 0.014941 0.016335 0.017858 0.019526 0.021356 0.023370 0.025595 0.028063 0.030815 0.033901 0.037389 0.041365 0.045944 0.051284 0.057606 0.065230 0.074634 0.086570 0.102282 0.123986 0.155972 0.207490 0.301078 0.499364 1.000000 ;...
1.000000 0.696382 0.497463 0.372918 0.292422 0.237702 0.198589 0.169379 0.146755 0.128700 0.113934 0.101610 0.091153 0.082154 0.074320 0.067432 0.061326 0.055875 0.050980 0.046564 0.042562 0.038923 0.035606 0.032575 0.029800 0.027257 0.024923 0.022780 0.020813 0.019006 0.017348 0.015826 0.014432 0.013155 0.011989 0.010925 0.009957 0.009078 0.008284 0.007569 0.006929 0.006360 0.005857 0.005419 0.005041 0.004722 0.004460 0.004252 0.004097 0.003994 0.003943 0.003943 0.003994 0.004097 0.004252 0.004460 0.004722 0.005041 0.005419 0.005857 0.006360 0.006929 0.007569 0.008284 0.009078 0.009957 0.010925 0.011989 0.013155 0.014432 0.015826 0.017348 0.019006 0.020813 0.022780 0.024923 0.027257 0.029800 0.032575 0.035606 0.038923 0.042562 0.046564 0.050980 0.055875 0.061326 0.067432 0.074320 0.082154 0.091153 0.101610 0.113934 0.128700 0.146755 0.169379 0.198589 0.237702 0.292422 0.372918 0.497463 0.696382 1.000000 ;...
1.000000 0.788707 0.619484 0.494310 0.403117 0.335835 0.285021 0.245637 0.214346 0.188924 0.167864 0.150121 0.134956 0.121835 0.110363 0.100242 0.091245 0.083195 0.075954 0.069410 0.063473 0.058069 0.053138 0.048628 0.044497 0.040709 0.037231 0.034036 0.031102 0.028406 0.025931 0.023659 0.021577 0.019671 0.017928 0.016338 0.014891 0.013578 0.012391 0.011323 0.010366 0.009514 0.008763 0.008108 0.007543 0.007066 0.006673 0.006362 0.006131 0.005977 0.005901 0.005901 0.005977 0.006131 0.006362 0.006673 0.007066 0.007543 0.008108 0.008763 0.009514 0.010366 0.011323 0.012391 0.013578 0.014891 0.016338 0.017928 0.019671 0.021577 0.023659 0.025931 0.028406 0.031102 0.034036 0.037231 0.040709 0.044497 0.048628 0.053138 0.058069 0.063473 0.069410 0.075954 0.083195 0.091245 0.100242 0.110363 0.121835 0.134956 0.150121 0.167864 0.188924 0.214346 0.245637 0.285021 0.335835 0.403117 0.494310 0.619484 0.788707 1.000000 ;...
1.000000 0.838969 0.697469 0.581745 0.489932 0.417536 0.360066 0.313853 0.276126 0.244850 0.218545 0.196127 0.176795 0.159951 0.145142 0.132019 0.120311 0.109805 0.100331 0.091751 0.083954 0.076846 0.070352 0.064407 0.058957 0.053953 0.049358 0.045134 0.041251 0.037684 0.034406 0.031397 0.028638 0.026111 0.023801 0.021693 0.019774 0.018032 0.016458 0.015040 0.013770 0.012640 0.011643 0.010773 0.010023 0.009390 0.008868 0.008455 0.008147 0.007944 0.007842 0.007842 0.007944 0.008147 0.008455 0.008868 0.009390 0.010023 0.010773 0.011643 0.012640 0.013770 0.015040 0.016458 0.018032 0.019774 0.021693 0.023801 0.026111 0.028638 0.031397 0.034406 0.037684 0.041251 0.045134 0.049358 0.053953 0.058957 0.064407 0.070352 0.076846 0.083954 0.091751 0.100331 0.109805 0.120311 0.132019 0.145142 0.159951 0.176795 0.196127 0.218545 0.244850 0.276126 0.313853 0.360066 0.417536 0.489932 0.581745 0.697469 0.838969 1.000000 ;...
1.000000 0.869709 0.749701 0.645300 0.557368 0.484362 0.423913 0.373651 0.331529 0.295890 0.265432 0.239146 0.216251 0.196144 0.178351 0.162502 0.148301 0.135513 0.123946 0.113445 0.103881 0.095148 0.087157 0.079831 0.073107 0.066929 0.061249 0.056025 0.051220 0.046801 0.042741 0.039011 0.035590 0.032455 0.029588 0.026971 0.024589 0.022426 0.020470 0.018708 0.017130 0.015726 0.014487 0.013405 0.012474 0.011686 0.011038 0.010524 0.010142 0.009888 0.009762 0.009762 0.009888 0.010142 0.010524 0.011038 0.011686 0.012474 0.013405 0.014487 0.015726 0.017130 0.018708 0.020470 0.022426 0.024589 0.026971 0.029588 0.032455 0.035590 0.039011 0.042741 0.046801 0.051220 0.056025 0.061249 0.066929 0.073107 0.079831 0.087157 0.095148 0.103881 0.113445 0.123946 0.135513 0.148301 0.162502 0.178351 0.196144 0.216251 0.239146 0.265432 0.295890 0.331529 0.373651 0.423913 0.484362 0.557368 0.645300 0.749701 0.869709 1.000000 ;...
1.000000 0.890179 0.786349 0.692423 0.609929 0.538693 0.477645 0.425393 0.380545 0.341853 0.308260 0.278895 0.253052 0.230161 0.209763 0.191488 0.175036 0.160160 0.146660 0.134369 0.123148 0.112880 0.103468 0.094826 0.086884 0.079578 0.072854 0.066665 0.060967 0.055725 0.050903 0.046473 0.042407 0.038680 0.035270 0.032156 0.029320 0.026746 0.024416 0.022318 0.020438 0.018765 0.017288 0.015999 0.014888 0.013949 0.013176 0.012564 0.012108 0.011806 0.011655 0.011655 0.011806 0.012108 0.012564 0.013176 0.013949 0.014888 0.015999 0.017288 0.018765 0.020438 0.022318 0.024416 0.026746 0.029320 0.032156 0.035270 0.038680 0.042407 0.046473 0.050903 0.055725 0.060967 0.066665 0.072854 0.079578 0.086884 0.094826 0.103468 0.112880 0.123148 0.134369 0.146660 0.160160 0.175036 0.191488 0.209763 0.230161 0.253052 0.278895 0.308260 0.341853 0.380545 0.425393 0.477645 0.538693 0.609929 0.692423 0.786349 0.890179 1.000000 ;...
1.000000 0.904673 0.813123 0.728160 0.651291 0.582909 0.522668 0.469832 0.423518 0.382843 0.346998 0.315271 0.287058 0.261850 0.239226 0.218834 0.200381 0.183625 0.168362 0.154424 0.141664 0.129963 0.119215 0.109330 0.100231 0.091850 0.084129 0.077013 0.070458 0.064421 0.058866 0.053758 0.049067 0.044765 0.040828 0.037231 0.033954 0.030978 0.028284 0.025857 0.023683 0.021747 0.020038 0.018546 0.017260 0.016174 0.015278 0.014569 0.014041 0.013691 0.013517 0.013517 0.013691 0.014041 0.014569 0.015278 0.016174 0.017260 0.018546 0.020038 0.021747 0.023683 0.025857 0.028284 0.030978 0.033954 0.037231 0.040828 0.044765 0.049067 0.053758 0.058866 0.064421 0.070458 0.077013 0.084129 0.091850 0.100231 0.109330 0.119215 0.129963 0.141664 0.154424 0.168362 0.183625 0.200381 0.218834 0.239226 0.261850 0.287058 0.315271 0.346998 0.382843 0.423518 0.469832 0.522668 0.582909 0.651291 0.728160 0.813123 0.904673 1.000000 ;...
